1.962702982293988097e+00 -5.730948721415862757e-02
1.883007127710525364e+00 -9.823551936536367712e-02
-3.085573451573953019e-02 2.507404356168253301e+00
5.803142644788872317e-03 2.548253496577510546e+00
2.375044096396172755e-02 2.567790149263132093e+00
2.850124425106792536e-02 2.275723741047781523e+00
1.434934015690814135e-02 1.890186627672321151e+00
5.733662694804808613e-02 8.421373647735392876e-01
1.484435551213106219e+00 5.101164671109887916e-01
1.467397465651538280e+00 6.523060029176250829e-01
1.500515523326519496e+00 6.560435674918561055e-01
3.681445290034487394e-01 2.242433703254963717e+00
3.721051324113378023e-01 2.211109699318533295e+00
1.388526633403753596e+00 4.999362405050847835e-01
2.346326988195028829e-01 1.880379473729958395e+00
1.362707262596811075e+00 3.800618057204464550e-01
1.354858405080014760e+00 3.792564729664873457e-01
3.556688225751377663e-01 1.658347924747783253e+00
4.038504678504855061e-01 1.560441067819857697e+00
1.234997676306937686e+00 4.096683985885841706e-01
4.109609642021330167e-01 1.296952326218870022e+00
1.081700635282399459e+00 1.027868015414769243e+00
6.313224036021578556e-01 1.423845364230428068e+00
6.891365094530516044e-01 1.500897543023392400e+00
6.125500829473073949e-01 1.515752441806141437e+00
1.862917417861215341e+00 -4.985282583792405298e-02
1.893797499736103340e+00 -1.427502376886802260e-02
1.708334549408830672e+00 -1.749401749930428185e-01
1.643664755583214232e+00 -1.047586140019991507e-01
1.618132077586137640e+00 -1.163957226319261018e-01
1.645578511730920734e+00 -3.208416300713046176e-02
1.610917347502567321e+00 -1.394596837581030258e-02
9.137508874804107784e-01 1.267459560637135274e+00
9.137508874804107784e-01 1.267459560637135274e+00
7.650655935545954689e-01 1.283255107885512114e+00
7.418200256856198882e-01 1.076791971788883640e+00
7.513075540257434515e-01 1.091800654055528730e+00
7.845587028132010587e-01 9.188653127035916190e-01
8.045876708490166118e-01 9.837021844755002853e-01
1.431120611933372144e+00 4.689162626734323380e-01
1.462432085216089250e+00 4.858247096435601708e-01
1.448899996683607805e+00 5.158271472676367875e-01
1.440967182382343115e+00 5.287089304679690738e-01
1.405958583530629191e+00 5.518293642439260349e-01
1.415793546494113375e+00 5.618558073659343233e-01
1.415793546494113375e+00 5.618558073659343233e-01
-4.295298157587001953e-03 2.529522176645847775e+00
-3.722222729265789454e-02 2.597942829508091300e+00
-1.025609710079607995e-01 2.415570629471473829e+00
-7.684877195646067083e-02 2.449599730865346991e+00
-5.683141140613179321e-02 2.464670377964726100e+00
-4.673297060375536383e-02 2.483401697896389315e+00
-4.690088417269255849e-02 2.510775929804971440e+00
